boolean 1 1 9000.000000
boolean 2 2 7900.000000
boolean 3 2 6875.000000
boolean 4 4 7244.000000
boolean 5 2 35218.000000
boolean 6 1 170380.000000
boolean 7 4 95574.000000
boolean 8 2 96043.000000
boolean 9 2 70714.000000
boolean 10 1 70990.000000
boolean 11 1 68115.000000
boolean 12 4 103477.000000
boolean 13 2 190694.500000
boolean 14 7 171694.500000
boolean 15 2 3085.000000
boolean 16 2 356.000000
boolean 17 1 14799.500000
boolean 18 1 16417.500000
boolean 19 1 18.000000
boolean 20 2 2431118.000000
boolean 21 2 16131.000000
boolean 22 1 3.000000
boolean 23 4 6.500000
boolean 24 1 4.500000
boolean 25 1 1612.500000
boolean 26 1 93.500000
boolean 27 1 2824.500000
boolean 28 2 16930388.500000
boolean 29 2 19076.000000
boolean 30 2 18844.500000
boolean 31 2 18430.000000
boolean 32 2 18709.500000
boolean 33 2 19208.500000
boolean 34 2 18728.500000
boolean 35 2 17960.000000
boolean 36 2 20414.000000
boolean 37 2 18245.500000
boolean 38 2 17782.000000
boolean 39 2 78352.500000
boolean 40 3 78740.000000
boolean 41 2 78528.500000
boolean 42 3 74670.500000
boolean 43 3 75509.000000
boolean 44 1 272.000000
boolean 45 3 1575731.000000
boolean 46 2 1100.000000
boolean 47 2 854180.000000
boolean 48 3 70800.000000
boolean 49 2 72400.000000
boolean 50 1 110000.000000
boolean 51 1 110000.000000
boolean 52 2 11825.000000
boolean 53 1 23794.500000
boolean 54 1 23720.500000
boolean 55 3 55964.000000
boolean 56 3 55844.000000
boolean 57 2 5748.500000
boolean 58 2 5758.000000
boolean 59 2 3781.000000
boolean 60 2 3781.500000
boolean 61 1 24529.500000
boolean 62 2 14950.000000
boolean 63 1 600.000000
boolean 64 1 825.000000
boolean 65 1 5000.000000
boolean 66 1 4426.000000
boolean 67 2 80446.000000
boolean 68 2 15150.000000
boolean 69 2 40485.000000
boolean 70 1 6250.000000
boolean 71 1 55152.000000
boolean 72 2 136698.000000
boolean 73 5 46045.000000
boolean 74 2 87675.000000
boolean 75 1 85708.000000
boolean 76 1 67500.000000
boolean 77 1 77950.000000
boolean 78 1 8225.000000
boolean 79 2 30000.000000
boolean 80 0 0.000000
boolean 81 1 46025.000000
boolean 82 1 87425.000000
boolean 83 3 25991.000000
boolean 84 1 39375.000000
boolean 85 2 16250.000000
boolean 86 4 48276.000000
boolean 87 2 76750.000000
boolean 88 2 43400.000000
boolean 89 1 92800.000000
boolean 90 2 83750.000000
boolean 91 3 133855.000000
boolean 92 4 35407.000000
boolean 93 1 15000.000000
boolean 94 3 37050.000000
boolean 95 1 15075.000000
boolean 96 2 7500.000000
boolean 97 1 78750.000000
boolean 98 3 56500.000000
boolean 99 4 36830.000000
boolean 100 1 32500.000000
boolean 101 2 62570.000000
boolean 102 1 30625.000000
boolean 103 4 12428.000000
boolean 104 5 37385.000000
boolean 105 2 57500.000000
boolean 106 5 140712.000000
boolean 107 2 66281.500000
boolean 108 1 5000.000000
boolean 109 0 0.000000
boolean 110 2 66191.500000
boolean 111 1 30023.000000
boolean 112 1 24000.000000
boolean 113 3 30530.000000
boolean 114 1 6173097890.000000
boolean 115 1 1118506.500000
boolean 116 3 15868.500000
boolean 117 1 19917.000000
boolean 118 11 12349.000000
boolean 119 3 5194.500000
boolean 120 381 337752.500000
boolean 121 410 253852.500000
boolean 122 337 321714.000000
boolean 123 377 367528.000000
boolean 124 415 290726.500000
boolean 125 349 366136.500000
boolean 126 337 334085.500000
boolean 127 375 345651.500000
boolean 128 418 386173.000000
boolean 129 364 294497.500000
boolean 130 420 330359.000000
boolean 131 335 373108.500000
boolean 132 377 288169.000000
boolean 133 319 398232.500000
boolean 134 360 328586.500000
boolean 135 333 350668.000000
boolean 136 393 354512.000000
boolean 137 377 352104.000000
boolean 138 406 365239.500000
boolean 139 388 384851.000000
boolean 140 414 372581.000000
boolean 141 292 304511.500000
boolean 142 221 480010.000000
boolean 143 251 314362.500000
boolean 144 284 368431.500000
boolean 145 310 352613.000000
boolean 146 428 256481.500000
boolean 147 264 397863.500000
boolean 148 269 386016.000000
boolean 149 234 316236.500000
boolean 150 232 275373.000000
boolean 151 299 328249.000000
boolean 152 270 269671.500000
boolean 153 238 337871.000000
boolean 154 262 391961.000000
boolean 155 254 274614.500000
boolean 156 311 441217.000000
boolean 157 311 364301.500000
boolean 158 273 354820.000000
boolean 159 49 153549.500000
boolean 160 49 165502.500000
boolean 161 20 164775.000000
boolean 162 55 249048.000000
boolean 163 123 536122.500000
boolean 164 235 133650.500000
boolean 165 112 482556.500000
boolean 166 112 482556.500000
boolean 167 137 460552.500000
boolean 168 106 491917.000000
boolean 169 35 488288.500000
boolean 170 26 555484.000000
boolean 171 35 603225.000000
boolean 172 208 375016.500000
boolean 173 132 512854.500000
boolean 174 124 502687.000000
boolean 175 149 445719.000000
boolean 176 149 404336.000000
boolean 177 132 493446.000000
boolean 178 120 493957.500000
boolean 179 162 459490.500000
boolean 180 74 477880.500000
boolean 181 834 54579.000000
boolean 182 223 124991.500000
boolean 183 2 10000.000000
boolean 184 2 14234.500000
boolean 185 2 19300.000000
boolean 186 7 17090.000000
boolean 187 1 626.000000
boolean 188 1 9.000000
boolean 189 1 6400.000000
boolean 190 1 6400.000000
boolean 191 3 85.000000
boolean 192 1 127.000000
boolean 193 1 68.000000
boolean 194 2 5100.000000
boolean 195 3 1138.000000
offset 1 4 -15019.000000
offset 2 2 -157766.000000
